Fecha: 15:52:28 18/01/2019 | KG: Libras: 21.718103 kg , LB: Kilogramos: 47.88026 lb
Fecha: 15:52:41 18/01/2019 | KG: Libras: 88.32029 kg , LB: Kilogramos: 194.71306 lb
Fecha: 15:52:49 18/01/2019 | KG: Libras: 124.7378 kg , LB: Kilogramos: 275.0 lb
Fecha: 21:51:51 18/01/2019 | KG: Libras: 75.77205 kg , LB: Kilogramos: 167.0489 lb